0 0 
0.001 0.00074925 
0.002 0.001497 
0.003 0.00224325 
0.004 0.002988 
0.005 0.00373125 
0.006 0.004473 
0.007 0.00521325 
0.008 0.005952 
0.009 0.00668925 
0.01 0.007425 
0.011 0.00815925 
0.012 0.008892 
0.013 0.00962325 
0.014 0.010353 
0.015 0.0110812 
0.016 0.011808 
0.017 0.0125332 
0.018 0.013257 
0.019 0.0139792 
0.02 0.0147 
0.021 0.0154192 
0.022 0.016137 
0.023 0.0168532 
0.024 0.017568 
0.025 0.0182812 
0.026 0.018993 
0.027 0.0197032 
0.028 0.020412 
0.029 0.0211192 
0.03 0.021825 
0.031 0.0225292 
0.032 0.023232 
0.033 0.0239332 
0.034 0.024633 
0.035 0.0253312 
0.036 0.026028 
0.037 0.0267232 
0.038 0.027417 
0.039 0.0281092 
0.04 0.0288 
0.041 0.0294892 
0.042 0.030177 
0.043 0.0308632 
0.044 0.031548 
0.045 0.0322312 
0.046 0.032913 
0.047 0.0335932 
0.048 0.034272 
0.049 0.0349492 
0.05 0.035625 
0.051 0.0362992 
0.052 0.036972 
0.053 0.0376432 
0.054 0.038313 
0.055 0.0389812 
0.056 0.039648 
0.057 0.0403132 
0.058 0.040977 
0.059 0.0416392 
0.06 0.0423 
0.061 0.0429592 
0.062 0.043617 
0.063 0.0442732 
0.064 0.044928 
0.065 0.0455812 
0.066 0.046233 
0.067 0.0468832 
0.068 0.047532 
0.069 0.0481792 
0.07 0.048825 
0.071 0.0494692 
0.072 0.050112 
0.073 0.0507532 
0.074 0.051393 
0.075 0.0520312 
0.076 0.052668 
0.077 0.0533032 
0.078 0.053937 
0.079 0.0545692 
0.08 0.0552 
0.081 0.0558292 
0.082 0.056457 
0.083 0.0570832 
0.084 0.057708 
0.085 0.0583312 
0.086 0.058953 
0.087 0.0595732 
0.088 0.060192 
0.089 0.0608092 
0.09 0.061425 
0.091 0.0620392 
0.092 0.062652 
0.093 0.0632632 
0.094 0.063873 
0.095 0.0644812 
0.096 0.065088 
0.097 0.0656932 
0.098 0.066297 
0.099 0.0668992 
0.1 0.0675 
0.101 0.0680992 
0.102 0.068697 
0.103 0.0692932 
0.104 0.069888 
0.105 0.0704812 
0.106 0.071073 
0.107 0.0716632 
0.108 0.072252 
0.109 0.0728392 
0.11 0.073425 
0.111 0.0740092 
0.112 0.074592 
0.113 0.0751732 
0.114 0.075753 
0.115 0.0763312 
0.116 0.076908 
0.117 0.0774832 
0.118 0.078057 
0.119 0.0786292 
0.12 0.0792 
0.121 0.0797692 
0.122 0.080337 
0.123 0.0809032 
0.124 0.081468 
0.125 0.0820312 
0.126 0.082593 
0.127 0.0831532 
0.128 0.083712 
0.129 0.0842692 
0.13 0.084825 
0.131 0.0853792 
0.132 0.085932 
0.133 0.0864832 
0.134 0.087033 
0.135 0.0875812 
0.136 0.088128 
0.137 0.0886732 
0.138 0.089217 
0.139 0.0897592 
0.14 0.0903 
0.141 0.0908392 
0.142 0.091377 
0.143 0.0919132 
0.144 0.092448 
0.145 0.0929812 
0.146 0.093513 
0.147 0.0940432 
0.148 0.094572 
0.149 0.0950992 
0.15 0.095625 
0.151 0.0961492 
0.152 0.096672 
0.153 0.0971932 
0.154 0.097713 
0.155 0.0982312 
0.156 0.098748 
0.157 0.0992632 
0.158 0.099777 
0.159 0.100289 
0.16 0.1008 
0.161 0.101309 
0.162 0.101817 
0.163 0.102323 
0.164 0.102828 
0.165 0.103331 
0.166 0.103833 
0.167 0.104333 
0.168 0.104832 
0.169 0.105329 
0.17 0.105825 
0.171 0.106319 
0.172 0.106812 
0.173 0.107303 
0.174 0.107793 
0.175 0.108281 
0.176 0.108768 
0.177 0.109253 
0.178 0.109737 
0.179 0.110219 
0.18 0.1107 
0.181 0.111179 
0.182 0.111657 
0.183 0.112133 
0.184 0.112608 
0.185 0.113081 
0.186 0.113553 
0.187 0.114023 
0.188 0.114492 
0.189 0.114959 
0.19 0.115425 
0.191 0.115889 
0.192 0.116352 
0.193 0.116813 
0.194 0.117273 
0.195 0.117731 
0.196 0.118188 
0.197 0.118643 
0.198 0.119097 
0.199 0.119549 
0.2 0.12 
0.201 0.120449 
0.202 0.120897 
0.203 0.121343 
0.204 0.121788 
0.205 0.122231 
0.206 0.122673 
0.207 0.123113 
0.208 0.123552 
0.209 0.123989 
0.21 0.124425 
0.211 0.124859 
0.212 0.125292 
0.213 0.125723 
0.214 0.126153 
0.215 0.126581 
0.216 0.127008 
0.217 0.127433 
0.218 0.127857 
0.219 0.128279 
0.22 0.1287 
0.221 0.129119 
0.222 0.129537 
0.223 0.129953 
0.224 0.130368 
0.225 0.130781 
0.226 0.131193 
0.227 0.131603 
0.228 0.132012 
0.229 0.132419 
0.23 0.132825 
0.231 0.133229 
0.232 0.133632 
0.233 0.134033 
0.234 0.134433 
0.235 0.134831 
0.236 0.135228 
0.237 0.135623 
0.238 0.136017 
0.239 0.136409 
0.24 0.1368 
0.241 0.137189 
0.242 0.137577 
0.243 0.137963 
0.244 0.138348 
0.245 0.138731 
0.246 0.139113 
0.247 0.139493 
0.248 0.139872 
0.249 0.140249 
0.25 0.140625 
0.251 0.140999 
0.252 0.141372 
0.253 0.141743 
0.254 0.142113 
0.255 0.142481 
0.256 0.142848 
0.257 0.143213 
0.258 0.143577 
0.259 0.143939 
0.26 0.1443 
0.261 0.144659 
0.262 0.145017 
0.263 0.145373 
0.264 0.145728 
0.265 0.146081 
0.266 0.146433 
0.267 0.146783 
0.268 0.147132 
0.269 0.147479 
0.27 0.147825 
0.271 0.148169 
0.272 0.148512 
0.273 0.148853 
0.274 0.149193 
0.275 0.149531 
0.276 0.149868 
0.277 0.150203 
0.278 0.150537 
0.279 0.150869 
0.28 0.1512 
0.281 0.151529 
0.282 0.151857 
0.283 0.152183 
0.284 0.152508 
0.285 0.152831 
0.286 0.153153 
0.287 0.153473 
0.288 0.153792 
0.289 0.154109 
0.29 0.154425 
0.291 0.154739 
0.292 0.155052 
0.293 0.155363 
0.294 0.155673 
0.295 0.155981 
0.296 0.156288 
0.297 0.156593 
0.298 0.156897 
0.299 0.157199 
0.3 0.1575 
0.301 0.157799 
0.302 0.158097 
0.303 0.158393 
0.304 0.158688 
0.305 0.158981 
0.306 0.159273 
0.307 0.159563 
0.308 0.159852 
0.309 0.160139 
0.31 0.160425 
0.311 0.160709 
0.312 0.160992 
0.313 0.161273 
0.314 0.161553 
0.315 0.161831 
0.316 0.162108 
0.317 0.162383 
0.318 0.162657 
0.319 0.162929 
0.32 0.1632 
0.321 0.163469 
0.322 0.163737 
0.323 0.164003 
0.324 0.164268 
0.325 0.164531 
0.326 0.164793 
0.327 0.165053 
0.328 0.165312 
0.329 0.165569 
0.33 0.165825 
0.331 0.166079 
0.332 0.166332 
0.333 0.166583 
0.334 0.166833 
0.335 0.167081 
0.336 0.167328 
0.337 0.167573 
0.338 0.167817 
0.339 0.168059 
0.34 0.1683 
0.341 0.168539 
0.342 0.168777 
0.343 0.169013 
0.344 0.169248 
0.345 0.169481 
0.346 0.169713 
0.347 0.169943 
0.348 0.170172 
0.349 0.170399 
0.35 0.170625 
0.351 0.170849 
0.352 0.171072 
0.353 0.171293 
0.354 0.171513 
0.355 0.171731 
0.356 0.171948 
0.357 0.172163 
0.358 0.172377 
0.359 0.172589 
0.36 0.1728 
0.361 0.173009 
0.362 0.173217 
0.363 0.173423 
0.364 0.173628 
0.365 0.173831 
0.366 0.174033 
0.367 0.174233 
0.368 0.174432 
0.369 0.174629 
0.37 0.174825 
0.371 0.175019 
0.372 0.175212 
0.373 0.175403 
0.374 0.175593 
0.375 0.175781 
0.376 0.175968 
0.377 0.176153 
0.378 0.176337 
0.379 0.176519 
0.38 0.1767 
0.381 0.176879 
0.382 0.177057 
0.383 0.177233 
0.384 0.177408 
0.385 0.177581 
0.386 0.177753 
0.387 0.177923 
0.388 0.178092 
0.389 0.178259 
0.39 0.178425 
0.391 0.178589 
0.392 0.178752 
0.393 0.178913 
0.394 0.179073 
0.395 0.179231 
0.396 0.179388 
0.397 0.179543 
0.398 0.179697 
0.399 0.179849 
0.4 0.18 
0.401 0.180149 
0.402 0.180297 
0.403 0.180443 
0.404 0.180588 
0.405 0.180731 
0.406 0.180873 
0.407 0.181013 
0.408 0.181152 
0.409 0.181289 
0.41 0.181425 
0.411 0.181559 
0.412 0.181692 
0.413 0.181823 
0.414 0.181953 
0.415 0.182081 
0.416 0.182208 
0.417 0.182333 
0.418 0.182457 
0.419 0.182579 
0.42 0.1827 
0.421 0.182819 
0.422 0.182937 
0.423 0.183053 
0.424 0.183168 
0.425 0.183281 
0.426 0.183393 
0.427 0.183503 
0.428 0.183612 
0.429 0.183719 
0.43 0.183825 
0.431 0.183929 
0.432 0.184032 
0.433 0.184133 
0.434 0.184233 
0.435 0.184331 
0.436 0.184428 
0.437 0.184523 
0.438 0.184617 
0.439 0.184709 
0.44 0.1848 
0.441 0.184889 
0.442 0.184977 
0.443 0.185063 
0.444 0.185148 
0.445 0.185231 
0.446 0.185313 
0.447 0.185393 
0.448 0.185472 
0.449 0.185549 
0.45 0.185625 
0.451 0.185699 
0.452 0.185772 
0.453 0.185843 
0.454 0.185913 
0.455 0.185981 
0.456 0.186048 
0.457 0.186113 
0.458 0.186177 
0.459 0.186239 
0.46 0.1863 
0.461 0.186359 
0.462 0.186417 
0.463 0.186473 
0.464 0.186528 
0.465 0.186581 
0.466 0.186633 
0.467 0.186683 
0.468 0.186732 
0.469 0.186779 
0.47 0.186825 
0.471 0.186869 
0.472 0.186912 
0.473 0.186953 
0.474 0.186993 
0.475 0.187031 
0.476 0.187068 
0.477 0.187103 
0.478 0.187137 
0.479 0.187169 
0.48 0.1872 
0.481 0.187229 
0.482 0.187257 
0.483 0.187283 
0.484 0.187308 
0.485 0.187331 
0.486 0.187353 
0.487 0.187373 
0.488 0.187392 
0.489 0.187409 
0.49 0.187425 
0.491 0.187439 
0.492 0.187452 
0.493 0.187463 
0.494 0.187473 
0.495 0.187481 
0.496 0.187488 
0.497 0.187493 
0.498 0.187497 
0.499 0.187499 
0.5 0.1875 
0.501 0.187499 
0.502 0.187497 
0.503 0.187493 
0.504 0.187488 
0.505 0.187481 
0.506 0.187473 
0.507 0.187463 
0.508 0.187452 
0.509 0.187439 
0.51 0.187425 
0.511 0.187409 
0.512 0.187392 
0.513 0.187373 
0.514 0.187353 
0.515 0.187331 
0.516 0.187308 
0.517 0.187283 
0.518 0.187257 
0.519 0.187229 
0.52 0.1872 
0.521 0.187169 
0.522 0.187137 
0.523 0.187103 
0.524 0.187068 
0.525 0.187031 
0.526 0.186993 
0.527 0.186953 
0.528 0.186912 
0.529 0.186869 
0.53 0.186825 
0.531 0.186779 
0.532 0.186732 
0.533 0.186683 
0.534 0.186633 
0.535 0.186581 
0.536 0.186528 
0.537 0.186473 
0.538 0.186417 
0.539 0.186359 
0.54 0.1863 
0.541 0.186239 
0.542 0.186177 
0.543 0.186113 
0.544 0.186048 
0.545 0.185981 
0.546 0.185913 
0.547 0.185843 
0.548 0.185772 
0.549 0.185699 
0.55 0.185625 
0.551 0.185549 
0.552 0.185472 
0.553 0.185393 
0.554 0.185313 
0.555 0.185231 
0.556 0.185148 
0.557 0.185063 
0.558 0.184977 
0.559 0.184889 
0.56 0.1848 
0.561 0.184709 
0.562 0.184617 
0.563 0.184523 
0.564 0.184428 
0.565 0.184331 
0.566 0.184233 
0.567 0.184133 
0.568 0.184032 
0.569 0.183929 
0.57 0.183825 
0.571 0.183719 
0.572 0.183612 
0.573 0.183503 
0.574 0.183393 
0.575 0.183281 
0.576 0.183168 
0.577 0.183053 
0.578 0.182937 
0.579 0.182819 
0.58 0.1827 
0.581 0.182579 
0.582 0.182457 
0.583 0.182333 
0.584 0.182208 
0.585 0.182081 
0.586 0.181953 
0.587 0.181823 
0.588 0.181692 
0.589 0.181559 
0.59 0.181425 
0.591 0.181289 
0.592 0.181152 
0.593 0.181013 
0.594 0.180873 
0.595 0.180731 
0.596 0.180588 
0.597 0.180443 
0.598 0.180297 
0.599 0.180149 
0.6 0.18 
0.601 0.179849 
0.602 0.179697 
0.603 0.179543 
0.604 0.179388 
0.605 0.179231 
0.606 0.179073 
0.607 0.178913 
0.608 0.178752 
0.609 0.178589 
0.61 0.178425 
0.611 0.178259 
0.612 0.178092 
0.613 0.177923 
0.614 0.177753 
0.615 0.177581 
0.616 0.177408 
0.617 0.177233 
0.618 0.177057 
0.619 0.176879 
0.62 0.1767 
0.621 0.176519 
0.622 0.176337 
0.623 0.176153 
0.624 0.175968 
0.625 0.175781 
0.626 0.175593 
0.627 0.175403 
0.628 0.175212 
0.629 0.175019 
0.63 0.174825 
0.631 0.174629 
0.632 0.174432 
0.633 0.174233 
0.634 0.174033 
0.635 0.173831 
0.636 0.173628 
0.637 0.173423 
0.638 0.173217 
0.639 0.173009 
0.64 0.1728 
0.641 0.172589 
0.642 0.172377 
0.643 0.172163 
0.644 0.171948 
0.645 0.171731 
0.646 0.171513 
0.647 0.171293 
0.648 0.171072 
0.649 0.170849 
0.65 0.170625 
0.651 0.170399 
0.652 0.170172 
0.653 0.169943 
0.654 0.169713 
0.655 0.169481 
0.656 0.169248 
0.657 0.169013 
0.658 0.168777 
0.659 0.168539 
0.66 0.1683 
0.661 0.168059 
0.662 0.167817 
0.663 0.167573 
0.664 0.167328 
0.665 0.167081 
0.666 0.166833 
0.667 0.166583 
0.668 0.166332 
0.669 0.166079 
0.67 0.165825 
0.671 0.165569 
0.672 0.165312 
0.673 0.165053 
0.674 0.164793 
0.675 0.164531 
0.676 0.164268 
0.677 0.164003 
0.678 0.163737 
0.679 0.163469 
0.68 0.1632 
0.681 0.162929 
0.682 0.162657 
0.683 0.162383 
0.684 0.162108 
0.685 0.161831 
0.686 0.161553 
0.687 0.161273 
0.688 0.160992 
0.689 0.160709 
0.69 0.160425 
0.691 0.160139 
0.692 0.159852 
0.693 0.159563 
0.694 0.159273 
0.695 0.158981 
0.696 0.158688 
0.697 0.158393 
0.698 0.158097 
0.699 0.157799 
0.7 0.1575 
0.701 0.157199 
0.702 0.156897 
0.703 0.156593 
0.704 0.156288 
0.705 0.155981 
0.706 0.155673 
0.707 0.155363 
0.708 0.155052 
0.709 0.154739 
0.71 0.154425 
0.711 0.154109 
0.712 0.153792 
0.713 0.153473 
0.714 0.153153 
0.715 0.152831 
0.716 0.152508 
0.717 0.152183 
0.718 0.151857 
0.719 0.151529 
0.72 0.1512 
0.721 0.150869 
0.722 0.150537 
0.723 0.150203 
0.724 0.149868 
0.725 0.149531 
0.726 0.149193 
0.727 0.148853 
0.728 0.148512 
0.729 0.148169 
0.73 0.147825 
0.731 0.147479 
0.732 0.147132 
0.733 0.146783 
0.734 0.146433 
0.735 0.146081 
0.736 0.145728 
0.737 0.145373 
0.738 0.145017 
0.739 0.144659 
0.74 0.1443 
0.741 0.143939 
0.742 0.143577 
0.743 0.143213 
0.744 0.142848 
0.745 0.142481 
0.746 0.142113 
0.747 0.141743 
0.748 0.141372 
0.749 0.140999 
0.75 0.140625 
0.751 0.140249 
0.752 0.139872 
0.753 0.139493 
0.754 0.139113 
0.755 0.138731 
0.756 0.138348 
0.757 0.137963 
0.758 0.137577 
0.759 0.137189 
0.76 0.1368 
0.761 0.136409 
0.762 0.136017 
0.763 0.135623 
0.764 0.135228 
0.765 0.134831 
0.766 0.134433 
0.767 0.134033 
0.768 0.133632 
0.769 0.133229 
0.77 0.132825 
0.771 0.132419 
0.772 0.132012 
0.773 0.131603 
0.774 0.131193 
0.775 0.130781 
0.776 0.130368 
0.777 0.129953 
0.778 0.129537 
0.779 0.129119 
0.78 0.1287 
0.781 0.128279 
0.782 0.127857 
0.783 0.127433 
0.784 0.127008 
0.785 0.126581 
0.786 0.126153 
0.787 0.125723 
0.788 0.125292 
0.789 0.124859 
0.79 0.124425 
0.791 0.123989 
0.792 0.123552 
0.793 0.123113 
0.794 0.122673 
0.795 0.122231 
0.796 0.121788 
0.797 0.121343 
0.798 0.120897 
0.799 0.120449 
0.8 0.12 
0.801 0.119549 
0.802 0.119097 
0.803 0.118643 
0.804 0.118188 
0.805 0.117731 
0.806 0.117273 
0.807 0.116813 
0.808 0.116352 
0.809 0.115889 
0.81 0.115425 
0.811 0.114959 
0.812 0.114492 
0.813 0.114023 
0.814 0.113553 
0.815 0.113081 
0.816 0.112608 
0.817 0.112133 
0.818 0.111657 
0.819 0.111179 
0.82 0.1107 
0.821 0.110219 
0.822 0.109737 
0.823 0.109253 
0.824 0.108768 
0.825 0.108281 
0.826 0.107793 
0.827 0.107303 
0.828 0.106812 
0.829 0.106319 
0.83 0.105825 
0.831 0.105329 
0.832 0.104832 
0.833 0.104333 
0.834 0.103833 
0.835 0.103331 
0.836 0.102828 
0.837 0.102323 
0.838 0.101817 
0.839 0.101309 
0.84 0.1008 
0.841 0.100289 
0.842 0.099777 
0.843 0.0992632 
0.844 0.098748 
0.845 0.0982312 
0.846 0.097713 
0.847 0.0971932 
0.848 0.096672 
0.849 0.0961492 
0.85 0.095625 
0.851 0.0950992 
0.852 0.094572 
0.853 0.0940432 
0.854 0.093513 
0.855 0.0929812 
0.856 0.092448 
0.857 0.0919132 
0.858 0.091377 
0.859 0.0908392 
0.86 0.0903 
0.861 0.0897592 
0.862 0.089217 
0.863 0.0886732 
0.864 0.088128 
0.865 0.0875812 
0.866 0.087033 
0.867 0.0864832 
0.868 0.085932 
0.869 0.0853792 
0.87 0.084825 
0.871 0.0842692 
0.872 0.083712 
0.873 0.0831532 
0.874 0.082593 
0.875 0.0820312 
0.876 0.081468 
0.877 0.0809032 
0.878 0.080337 
0.879 0.0797692 
0.88 0.0792 
0.881 0.0786292 
0.882 0.078057 
0.883 0.0774832 
0.884 0.076908 
0.885 0.0763312 
0.886 0.075753 
0.887 0.0751732 
0.888 0.074592 
0.889 0.0740092 
0.89 0.073425 
0.891 0.0728392 
0.892 0.072252 
0.893 0.0716632 
0.894 0.071073 
0.895 0.0704812 
0.896 0.069888 
0.897 0.0692932 
0.898 0.068697 
0.899 0.0680992 
0.9 0.0675 
0.901 0.0668992 
0.902 0.066297 
0.903 0.0656932 
0.904 0.065088 
0.905 0.0644812 
0.906 0.063873 
0.907 0.0632632 
0.908 0.062652 
0.909 0.0620392 
0.91 0.061425 
0.911 0.0608092 
0.912 0.060192 
0.913 0.0595732 
0.914 0.058953 
0.915 0.0583312 
0.916 0.057708 
0.917 0.0570832 
0.918 0.056457 
0.919 0.0558292 
0.92 0.0552 
0.921 0.0545692 
0.922 0.053937 
0.923 0.0533032 
0.924 0.052668 
0.925 0.0520312 
0.926 0.051393 
0.927 0.0507532 
0.928 0.050112 
0.929 0.0494692 
0.93 0.048825 
0.931 0.0481792 
0.932 0.047532 
0.933 0.0468832 
0.934 0.046233 
0.935 0.0455812 
0.936 0.044928 
0.937 0.0442732 
0.938 0.043617 
0.939 0.0429592 
0.94 0.0423 
0.941 0.0416392 
0.942 0.040977 
0.943 0.0403132 
0.944 0.039648 
0.945 0.0389812 
0.946 0.038313 
0.947 0.0376432 
0.948 0.036972 
0.949 0.0362992 
0.95 0.035625 
0.951 0.0349492 
0.952 0.034272 
0.953 0.0335932 
0.954 0.032913 
0.955 0.0322312 
0.956 0.031548 
0.957 0.0308632 
0.958 0.030177 
0.959 0.0294892 
0.96 0.0288 
0.961 0.0281092 
0.962 0.027417 
0.963 0.0267232 
0.964 0.026028 
0.965 0.0253312 
0.966 0.024633 
0.967 0.0239332 
0.968 0.023232 
0.969 0.0225292 
0.97 0.021825 
0.971 0.0211192 
0.972 0.020412 
0.973 0.0197032 
0.974 0.018993 
0.975 0.0182812 
0.976 0.017568 
0.977 0.0168532 
0.978 0.016137 
0.979 0.0154192 
0.98 0.0147 
0.981 0.0139792 
0.982 0.013257 
0.983 0.0125332 
0.984 0.011808 
0.985 0.0110812 
0.986 0.010353 
0.987 0.00962325 
0.988 0.008892 
0.989 0.00815925 
0.99 0.007425 
0.991 0.00668925 
0.992 0.005952 
0.993 0.00521325 
0.994 0.004473 
0.995 0.00373125 
0.996 0.002988 
0.997 0.00224325 
0.998 0.001497 
0.999 0.00074925 
1 0 
